[
    [
        [
            1.0,
            0.0,
            0.0,
            0.0
        ],
        [
            0.0,
            1.0,
            0.0,
            0.0
        ],
        [
            0.0,
            0.0,
            1.0,
            0.0
        ],
        [
            0.0,
            0.0,
            0.0,
            1.0
        ]
    ],
    [
        [
            0.6007291885302621,
            0.3853780746350173,
            0.7004342807418691,
            0.8946333129593933
        ],
        [
            0.3853880067823324,
            -0.9072172299559921,
            0.16862082285209362,
            0.21541473839064496
        ],
        [
            0.7004288159949684,
            0.16864352125588256,
            -0.6935119584133375,
            0.3914431323032635
        ],
        [
            0.0,
            0.0,
            0.0,
            1.0
        ]
    ],
    [
        [
            0.5605691164426161,
            0.8170990428105128,
            -0.1345786756098021,
            0.01276061118769678
        ],
        [
            -0.7939423266383168,
            0.484098626505712,
            -0.3678370587466943,
            0.5267330453718082
        ],
        [
            -0.23540995659249506,
            0.3130458018460347,
            0.9201002544743114,
            0.037350701420774485
        ],
        [
            0.0,
            0.0,
            0.0,
            1.0
        ]
    ],
    [
        [
            0.20011000079906863,
            -0.5068094580068209,
            0.8385106802271686,
            0.5537083553058275
        ],
        [
            -0.1323839080590832,
            -0.86195896081868,
            -0.4893886500026178,
            -0.13200231188362477
        ],
        [
            0.9707885910264915,
            -0.013073757654673696,
            -0.2395800250304387,
            0.5602687325069692
        ],
        [
            0.0,
            0.0,
            0.0,
            1.0
        ]
    ],
    [
        [
            0.19449009179482604,
            -0.5101952203023395,
            0.8377794706092333,
            0.5285736616615359
        ],
        [
            -0.12763466392662456,
            -0.8599903859370929,
            -0.494091012527153,
            -0.6826682233315712
        ],
        [
            0.9725651632451049,
            -0.010833894794430352,
            -0.23237820458383196,
            1.394615963067849
        ],
        [
            0.0,
            0.0,
            0.0,
            1.0
        ]
    ],
    [
        [
            0.19252169356755824,
            -0.51167076057983,
            0.8373341210493794,
            0.5533281719647767
        ],
        [
            -0.12672309541214483,
            -0.8591156128872515,
            -0.4958443513669649,
            -1.3124910478390683
        ],
        [
            0.9730758729898936,
            -0.01064877744250907,
            -0.23023889537594638,
            2.1709602320291426
        ],
        [
            0.0,
            0.0,
            0.0,
            1.0
        ]
    ],
    [
        [
            -0.4876959624209841,
            -0.25493747304394315,
            -0.8349607973289752,
            0.9657030091674228
        ],
        [
            -0.480477423072492,
            -0.7201491456756687,
            0.5005263768276562,
            -0.46699246658963955
        ],
        [
            -0.7288992345694202,
            0.6452845053312319,
            0.2287221305941774,
            1.8317270633275937
        ],
        [
            0.0,
            0.0,
            0.0,
            1.0
        ]
    ],
    [
        [
            -0.4876979925529075,
            -0.2549466609511017,
            -0.8349568061461307,
            0.19751447596453775
        ],
        [
            -0.4804734961096895,
            -0.720146036918427,
            0.5005346192290945,
            -0.19429786290453901
        ],
        [
            -0.7289004648070927,
            0.6452843447508757,
            0.22871866304138067,
            1.2524827016143134
        ],
        [
            0.0,
            0.0,
            0.0,
            1.0
        ]
    ],
    [
        [
            -0.4862874719502378,
            -0.2560732051951657,
            -0.8354346223405636,
            0.18529429688958593
        ],
        [
            -0.4815658325211057,
            -0.7192521810558195,
            0.5007700560084439,
            -0.381217287096587
        ],
        [
            -0.7291219675558406,
            0.645834973989115,
            0.22644721857417052,
            0.27018346203245935
        ],
        [
            0.0,
            0.0,
            0.0,
            1.0
        ]
    ],
    [
        [
            -0.48472049389823685,
            -0.25740941812116686,
            -0.8359344676812716,
            0.21475051424100688
        ],
        [
            -0.48273474233150276,
            -0.71824777266188,
            0.501086125942821,
            -0.5220763379114258
        ],
        [
            -0.7293923576108992,
            0.6464213243146999,
            0.22388894597555112,
            -0.7194078976018533
        ],
        [
            0.0,
            0.0,
            0.0,
            1.0
        ]
    ],
    [
        [
            -0.4723447272257034,
            -0.2521329691675928,
            -0.8445823965255312,
            0.7779946470236887
        ],
        [
            -0.4881891661464709,
            -0.722973861232051,
            0.4888559440494004,
            0.21394201085293518
        ],
        [
            -0.7338676970130836,
            0.6432245034464664,
            0.21840430729900487,
            -0.34386424212613287
        ],
        [
            0.0,
            0.0,
            0.0,
            1.0
        ]
    ],
    [
        [
            -0.7008059672561522,
            -0.44987464580444614,
            0.5536097897621509,
            0.08026408784860484
        ],
        [
            -0.6383668338809907,
            0.04914573153486618,
            -0.7681617554087553,
            -0.4581719012459342
        ],
        [
            0.3183689395323123,
            -0.8917384707044018,
            -0.3216266752103182,
            -0.5917250013365759
        ],
        [
            0.0,
            0.0,
            0.0,
            1.0
        ]
    ],
    [
        [
            -0.7029189050605924,
            -0.4516010958689467,
            0.5495102029247354,
            -0.7247130043391851
        ],
        [
            -0.6350243423372721,
            0.05045304125287328,
            -0.7708427694850934,
            -1.0461458777684631
        ],
        [
            0.3203889785050871,
            -0.8907923107202379,
            -0.3222420854174148,
            -0.6710879900981817
        ],
        [
            0.0,
            0.0,
            0.0,
            1.0
        ]
    ],
    [
        [
            0.02032392625372248,
            -0.21972724136309854,
            -0.9753496180470853,
            -1.2486212266603676
        ],
        [
            -0.2699766046596966,
            -0.9405167457396316,
            0.20625441551577214,
            -1.7407720517466077
        ],
        [
            -0.9626523624642764,
            0.25912967870603887,
            -0.07843620755525449,
            -1.1640531541906765
        ],
        [
            0.0,
            0.0,
            0.0,
            1.0
        ]
    ],
    [
        [
            -0.8641158740077554,
            -0.44664578247580705,
            -0.2319726304639971,
            -2.0571029810273203
        ],
        [
            -0.12075584358315083,
            0.631439716023415,
            -0.7659646932259924,
            -2.1156663958943946
        ],
        [
            0.4885916316601564,
            -0.6338701996661795,
            -0.5995721703405036,
            -1.6177176597250345
        ],
        [
            0.0,
            0.0,
            0.0,
            1.0
        ]
    ],
    [
        [
            0.5488621043352588,
            0.7554239093868268,
            0.3578897980543645,
            -2.2861144200694574
        ],
        [
            -0.2865934244572397,
            -0.23213425850675984,
            0.9295041124628696,
            -2.4092595138152544
        ],
        [
            0.7852481133263187,
            -0.6127384459573583,
            0.08908982749571911,
            -0.6896245383749421
        ],
        [
            0.0,
            0.0,
            0.0,
            1.0
        ]
    ],
    [
        [
            -0.6322402144630641,
            -0.7250074606001716,
            -0.2731968032202953,
            -2.347251920129303
        ],
        [
            -0.7722424942075767,
            0.6181711539655658,
            0.14664908641017582,
            -3.188284900436504
        ],
        [
            0.0625607013688185,
            0.30369163057115856,
            -0.950714232651048,
            -0.06562000867500078
        ],
        [
            0.0,
            0.0,
            0.0,
            1.0
        ]
    ],
    [
        [
            -0.6332434430769508,
            -0.7242005640710916,
            -0.2730133417969908,
            -3.2223336032407666
        ],
        [
            -0.7714182519555206,
            0.6191202478428077,
            0.1469829896993075,
            -3.18676774971634
        ],
        [
            0.06258292378865386,
            0.3036834893605021,
            -0.9507153706235592,
            -0.5495928861552366
        ],
        [
            0.0,
            0.0,
            0.0,
            1.0
        ]
    ],
    [
        [
            -0.23405491571940135,
            0.8315221980512721,
            -0.5037748808501314,
            -3.806952910899652
        ],
        [
            -0.016906956398167583,
            -0.5215706445553492,
            -0.8530405720500436,
            -3.7181573034778657
        ],
        [
            -0.9720763608137647,
            -0.19114103925137632,
            0.13613468279967947,
            -1.162655205390051
        ],
        [
            0.0,
            0.0,
            0.0,
            1.0
        ]
    ],
    [
        [
            -0.233965027350507,
            0.8315972101588995,
            -0.5036928091930741,
            -3.754947403829926
        ],
        [
            -0.017719076151818138,
            -0.5216329920272247,
            -0.8529859646964006,
            -4.569039435976722
        ],
        [
            -0.9720835356682064,
            -0.1906439133165753,
            0.13677901154102348,
            -0.6398789398341069
        ],
        [
            0.0,
            0.0,
            0.0,
            1.0
        ]
    ],
    [
        [
            -0.23381195615645156,
            0.8315566020136286,
            -0.5038309109273075,
            -3.985611862035831
        ],
        [
            -0.01746823855304037,
            -0.5217033854098985,
            -0.8529480865174052,
            -4.589535102016892
        ],
        [
            -0.9721249044233697,
            -0.19062842206606154,
            0.13650631817046333,
            -1.612696412638818
        ],
        [
            0.0,
            0.0,
            0.0,
            1.0
        ]
    ],
    [
        [
            -0.23373820949580304,
            0.831462238399809,
            -0.5040208284752467,
            -4.276052237322464
        ],
        [
            -0.017076084617171423,
            -0.5218106621398833,
            -0.8528904033996874,
            -4.8199330446530215
        ],
        [
            -0.9721496061593818,
            -0.19074637347093454,
            0.1361652094032958,
            -2.5414381293891726
        ],
        [
            0.0,
            0.0,
            0.0,
            1.0
        ]
    ],
    [
        [
            -0.7384436066597064,
            -0.35799127365741235,
            0.5714396624041309,
            -4.817760451764504
        ],
        [
            0.49405988695849934,
            0.2895004496060956,
            0.8198135872113982,
            -4.554101073056665
        ],
        [
            -0.4589181494362137,
            0.8877115171400046,
            -0.03691062794142334,
            -3.3388624664163356
        ],
        [
            0.0,
            0.0,
            0.0,
            1.0
        ]
    ],
    [
        [
            -0.28307506098954766,
            0.9542892212067806,
            0.09591971713010186,
            -5.497047365360406
        ],
        [
            -0.7322459880415886,
            -0.15044626672772163,
            -0.6642151261637195,
            -4.712984267269982
        ],
        [
            -0.6194225721127358,
            -0.2582595653915758,
            0.741362039789599,
            -4.055329785708657
        ],
        [
            0.0,
            0.0,
            0.0,
            1.0
        ]
    ],
    [
        [
            -0.28249655431415044,
            0.9543980956105548,
            0.09654000153085485,
            -5.418341551083865
        ],
        [
            -0.7335324201200801,
            -0.15006943647429027,
            -0.6628795915315723,
            -5.649025312473211
        ],
        [
            -0.6181633161498715,
            -0.2580764214941645,
            0.7424760435430614,
            -3.712353756671771
        ],
        [
            0.0,
            0.0,
            0.0,
            1.0
        ]
    ],
    [
        [
            -0.27899671516123375,
            0.954707697835445,
            0.10341201391997291,
            -6.241592643319371
        ],
        [
            -0.7346177237208175,
            -0.14283452578292682,
            -0.663276034724313,
            -5.686061376964306
        ],
        [
            -0.6184639301725539,
            -0.26102013320452755,
            0.7411955593076682,
            -3.145885779589169
        ],
        [
            0.0,
            0.0,
            0.0,
            1.0
        ]
    ],
    [
        [
            -0.2790217675913159,
            0.9547108371275764,
            0.10331539421296047,
            -6.623368173082795
        ],
        [
            -0.7345338713931571,
            -0.14288712920559768,
            -0.6633575657845189,
            -6.223434004669462
        ],
        [
            -0.6185522168632129,
            -0.2609798570360241,
            0.7411360666133158,
            -3.8978685612185813
        ],
        [
            0.0,
            0.0,
            0.0,
            1.0
        ]
    ],
    [
        [
            -0.7585798248735365,
            0.6108133110513685,
            -0.22685622834142788,
            -7.565178352498563
        ],
        [
            0.3714286781321711,
            0.6914241707570199,
            0.6196558344387262,
            -6.54988624657815
        ],
        [
            0.5353479115078523,
            0.38579750535148605,
            -0.7513740070755354,
            -3.9780091857583897
        ],
        [
            0.0,
            0.0,
            0.0,
            1.0
        ]
    ],
    [
        [
            0.8134797936839852,
            0.47030111829142784,
            -0.34215125807410474,
            -8.176654913870447
        ],
        [
            -0.34093336908395827,
            -0.09100355373717439,
            -0.9356723737784851,
            -6.889481244575927
        ],
        [
            -0.4711847441428034,
            0.877801350728646,
            0.08631179262442551,
            -4.6926920890292765
        ],
        [
            0.0,
            0.0,
            0.0,
            1.0
        ]
    ],
    [
        [
            0.8147262507878513,
            0.467501421846968,
            -0.3430212192390337,
            -8.347545742910416
        ],
        [
            -0.3415820049382647,
            -0.09107183830776765,
            -0.9354291283521153,
            -6.508936075890867
        ],
        [
            -0.4685540205563523,
            0.8792885424241031,
            0.0854914556091347,
            -5.60152744218214
        ],
        [
            0.0,
            0.0,
            0.0,
            1.0
        ]
    ],
    [
        [
            0.8154246747371651,
            0.46862666945062986,
            -0.33981118949998906,
            -7.579845118039868
        ],
        [
            -0.336978033855274,
            -0.09301866201209166,
            -0.9369062563653384,
            -6.863451522688736
        ],
        [
            -0.4706680406919706,
            0.8784853858756486,
            0.08206718146792544,
            -6.135338783907916
        ],
        [
            0.0,
            0.0,
            0.0,
            1.0
        ]
    ],
    [
        [
            0.1717008530095137,
            -0.9260586602800902,
            0.33605680293076723,
            -7.034754757836904
        ],
        [
            -0.14060794788664932,
            0.31459384098333115,
            0.9387545580216691,
            -7.122286737339594
        ],
        [
            -0.9750631887559414,
            -0.20843721581233404,
            -0.07619517699626875,
            -6.932760147347875
        ],
        [
            0.0,
            0.0,
            0.0,
            1.0
        ]
    ],
    [
        [
            0.17177040655882658,
            -0.9260853359173874,
            0.33594773109725445,
            -6.887329847855938
        ],
        [
            -0.13990181565848142,
            0.3146286642702086,
            0.9388483826449316,
            -7.601448108967079
        ],
        [
            -0.9751525057169618,
            -0.2082660659308711,
            -0.07551712637278542,
            -7.798017493954746
        ],
        [
            0.0,
            0.0,
            0.0,
            1.0
        ]
    ],
    [
        [
            -0.07821704487098505,
            0.9901352138599798,
            0.1162512458690251,
            -6.654233731617001
        ],
        [
            0.5114716290647245,
            -0.06023739656947155,
            0.8571862275587543,
            -6.675634261166244
        ],
        [
            0.8557329411408214,
            0.12650578772918847,
            -0.5017144796769293,
            -8.09556567461552
        ],
        [
            0.0,
            0.0,
            0.0,
            1.0
        ]
    ],
    [
        [
            -0.07389526083657184,
            0.9903755435923195,
            0.11702894120733891,
            -6.729303413214543
        ],
        [
            0.5117819678345157,
            -0.0630588069194251,
            0.8567979950194381,
            -5.71021844225771
        ],
        [
            0.855931485473761,
            0.12320661315089593,
            -0.5021965976095032,
            -8.34523914037832
        ],
        [
            0.0,
            0.0,
            0.0,
            1.0
        ]
    ],
    [
        [
            -0.07467934199276015,
            0.9903721762669904,
            0.11655877639934262,
            -6.9091065041597135
        ],
        [
            0.5099581429115561,
            -0.06251718540742743,
            0.8579244104272419,
            -5.3438421314029005
        ],
        [
            0.8569513920624197,
            0.12350932760288617,
            -0.5003796135309253,
            -7.432310201560529
        ],
        [
            0.0,
            0.0,
            0.0,
            1.0
        ]
    ],
    [
        [
            -0.9334519971526786,
            -0.32517823250488836,
            -0.15141494680734308,
            -7.511379550374388
        ],
        [
            0.29887159506517075,
            -0.47164758248617394,
            -0.8295928685796122,
            -4.854033109874649
        ],
        [
            0.19835104908941995,
            -0.8196387466682737,
            0.537446914853161,
            -6.801949748936138
        ],
        [
            0.0,
            0.0,
            0.0,
            1.0
        ]
    ],
    [
        [
            -0.8965642392905075,
            0.1645113280558632,
            0.4112281456402608,
            -8.439063970885066
        ],
        [
            0.43127230513537373,
            0.5357281779577819,
            0.7259473246491494,
            -4.483952034061336
        ],
        [
            -0.10087994671218371,
            0.8282097211958606,
            -0.5512639060087419,
            -6.75253706567944
        ],
        [
            0.0,
            0.0,
            0.0,
            1.0
        ]
    ],
    [
        [
            -0.8954895047632363,
            0.1660794546020255,
            0.41293602605970997,
            -9.186795958071018
        ],
        [
            0.4335547258010755,
            0.5352794501071959,
            0.7249180712525337,
            -5.11734179379152
        ],
        [
            -0.10064217105392116,
            0.8281868901715518,
            -0.5513416620876032,
            -6.5532526267287565
        ],
        [
            0.0,
            0.0,
            0.0,
            1.0
        ]
    ],
    [
        [
            0.7126522783013454,
            0.16646975609964554,
            0.6814796772729351,
            -8.606943824124196
        ],
        [
            -0.6766669291637988,
            -0.09314832253774957,
            0.7303733682059054,
            -4.347683799527736
        ],
        [
            0.18506376524845664,
            -0.9816370053703765,
            0.046262214382117084,
            -6.820456808251363
        ],
        [
            0.0,
            0.0,
            0.0,
            1.0
        ]
    ],
    [
        [
            0.9639649396451514,
            0.22189416486216543,
            -0.14674663449305883,
            -7.705605177100245
        ],
        [
            -0.12881801223111194,
            -0.09329873103833286,
            -0.9872696017357482,
            -4.780023611671737
        ],
        [
            -0.23276063855330278,
            0.9705968918076925,
            -0.061352740391106664,
            -6.846359128925802
        ],
        [
            0.0,
            0.0,
            0.0,
            1.0
        ]
    ],
    [
        [
            0.9642542837357656,
            0.21941582504909404,
            -0.14856100435595132,
            -7.912631128491663
        ],
        [
            -0.13085744132425012,
            -0.09320811864698139,
            -0.9870099172087187,
            -5.664875701547829
        ],
        [
            -0.23041268703631104,
            0.9711688536687687,
            -0.06116413423232715,
            -6.429013906726731
        ],
        [
            0.0,
            0.0,
            0.0,
            1.0
        ]
    ],
    [
        [
            0.9264009655271918,
            -0.26228710727876803,
            -0.27016055305247844,
            -6.944198459047016
        ],
        [
            0.3020452373852463,
            0.08922780969630277,
            0.9491085673144518,
            -5.577104497042263
        ],
        [
            -0.22483310619918795,
            -0.960855801529101,
            0.16188330063563341,
            -6.662325673279462
        ],
        [
            0.0,
            0.0,
            0.0,
            1.0
        ]
    ],
    [
        [
            -0.4776360535416435,
            0.5735038149903796,
            0.665550279504594,
            -6.607094827295964
        ],
        [
            0.7613642616978752,
            0.6482102194878461,
            -0.012164389042157213,
            -4.778276700712168
        ],
        [
            -0.43839281628057547,
            0.500916046401986,
            -0.7462538797825994,
            -7.160557841320284
        ],
        [
            0.0,
            0.0,
            0.0,
            1.0
        ]
    ],
    [
        [
            -0.47751947515154564,
            0.5735353403353826,
            0.6656067639660572,
            -7.139666010705436
        ],
        [
            0.7614026598854541,
            0.6481633245921725,
            -0.012259452393134612,
            -4.024484486903827
        ],
        [
            -0.43845312220390104,
            0.500940633249088,
            -0.7462019442414018,
            -7.545480214018671
        ],
        [
            0.0,
            0.0,
            0.0,
            1.0
        ]
    ],
    [
        [
            -0.47704259351352896,
            0.5735833350997206,
            0.6659072920983559,
            -7.720087273053744
        ],
        [
            0.761464904131985,
            0.6480811168626107,
            -0.01273050436471504,
            -3.257979971947693
        ],
        [
            -0.4388639467410761,
            0.5009920395195827,
            -0.7459258760686948,
            -7.820401997014958
        ],
        [
            0.0,
            0.0,
            0.0,
            1.0
        ]
    ],
    [
        [
            -0.47915134728834957,
            0.5727696963650215,
            0.6650931222901633,
            -7.690645887285774
        ],
        [
            0.7613084768911158,
            0.6483149855146508,
            -0.009853048810869562,
            -2.3914905658678176
        ],
        [
            -0.4368333657191144,
            0.5016199303088525,
            -0.7466954239256106,
            -8.31872851041296
        ],
        [
            0.0,
            0.0,
            0.0,
            1.0
        ]
    ],
    [
        [
            -0.47875822058587947,
            0.5728522874052351,
            0.6653050601310879,
            -8.34894589172997
        ],
        [
            0.7614094672487273,
            0.6481909954564459,
            -0.010200813359392593,
            -1.697116584470773
        ],
        [
            -0.4370883084749038,
            0.5016858481398203,
            -0.7465019225499497,
            -8.609393056079586
        ],
        [
            0.0,
            0.0,
            0.0,
            1.0
        ]
    ],
    [
        [
            -0.47875717103879056,
            0.5728614873729744,
            0.6652978937767311,
            -7.643472413665297
        ],
        [
            0.7614016417163815,
            0.6481998174676492,
            -0.010224315454189586,
            -1.2374840788912491
        ],
        [
            -0.4371030898661484,
            0.5016639442093956,
            -0.7465079878405414,
            -9.148879044370311
        ],
        [
            0.0,
            0.0,
            0.0,
            1.0
        ]
    ],
    [
        [
            -0.08063249700562186,
            0.006952139474467545,
            0.9967196537559412,
            -6.719791682409742
        ],
        [
            -0.7394917819749479,
            -0.6709031759914881,
            -0.05514374702585911,
            -1.2745763606218186
        ],
        [
            0.6683190142575299,
            -0.7415123709023723,
            0.05923764833770903,
            -9.530242479092651
        ],
        [
            0.0,
            0.0,
            0.0,
            1.0
        ]
    ],
    [
        [
            0.3318158849858423,
            0.036138782744122154,
            -0.9426516890415212,
            -6.590849441215992
        ],
        [
            -0.8709571270011311,
            0.3956166695947121,
            -0.2914123087049095,
            -2.109864907321769
        ],
        [
            0.3623974356931892,
            0.9177044399590516,
            0.1627472257288596,
            -8.995764282916399
        ],
        [
            0.0,
            0.0,
            0.0,
            1.0
        ]
    ],
    [
        [
            -0.49121931924999435,
            -0.06324528229478543,
            0.8687367925114159,
            -6.680590800420604
        ],
        [
            -0.6389239830873882,
            -0.6517091591709718,
            -0.4087191158832845,
            -2.9517654037136536
        ],
        [
            0.5920132804518157,
            -0.7558274975945993,
            0.2797232018416822,
            -8.463645834990366
        ],
        [
            0.0,
            0.0,
            0.0,
            1.0
        ]
    ],
    [
        [
            -0.4911988961645675,
            -0.06328416159967118,
            0.8687455089364978,
            -5.727290488240522
        ],
        [
            -0.638915543642342,
            -0.6517139088002181,
            -0.4087247352051904,
            -3.018252060125665
        ],
        [
            0.5920393335741485,
            -0.7558201478969476,
            0.27968791810536076,
            -8.169030765252739
        ],
        [
            0.0,
            0.0,
            0.0,
            1.0
        ]
    ],
    [
        [
            0.02564468785644073,
            -0.060127256069218864,
            -0.9978612443933925,
            -5.975088406909436
        ],
        [
            -0.9738673907153077,
            0.22382782674538232,
            -0.03851505258725769,
            -3.882263132763036
        ],
        [
            0.2256649181554522,
            0.9727722328746957,
            -0.05281597922853116,
            -7.730760234799942
        ],
        [
            0.0,
            0.0,
            0.0,
            1.0
        ]
    ],
    [
        [
            0.02495103076160387,
            -0.05960266941082221,
            -0.997910300509537,
            -5.070964196279748
        ],
        [
            -0.9742919497909412,
            0.22212467708383046,
            -0.03762744215292586,
            -4.213679806885867
        ],
        [
            0.22390319925472718,
            0.9731948158665384,
            -0.05252816134218396,
            -8.000431145108417
        ],
        [
            0.0,
            0.0,
            0.0,
            1.0
        ]
    ],
    [
        [
            -0.16710880507807432,
            0.04021020250566813,
            0.9851181588417851,
            -5.142907959340521
        ],
        [
            -0.8715637771050478,
            -0.47313380117677084,
            -0.12853399792429987,
            -5.148817997708287
        ],
        [
            0.46092432101567893,
            -0.8800724662199527,
            0.1141105801306952,
            -7.653529633116857
        ],
        [
            0.0,
            0.0,
            0.0,
            1.0
        ]
    ],
    [
        [
            0.36626862574572155,
            -0.009885460867077967,
            -0.9304566467373871,
            -5.038215773770811
        ],
        [
            -0.9105584327306637,
            0.2021457376288825,
            -0.36058347347258424,
            -6.082675180743411
        ],
        [
            0.19165237900275603,
            0.9793055592724458,
            0.06503835176774228,
            -7.311549651284089
        ],
        [
            0.0,
            0.0,
            0.0,
            1.0
        ]
    ],
    [
        [
            -0.09556489884321041,
            0.04372277370753556,
            0.9944625026457276,
            -4.896619014910644
        ],
        [
            -0.900662079476289,
            -0.4292170195164865,
            -0.06767989916387727,
            -7.019772527203914
        ],
        [
            0.42388107849081713,
            -0.9021424883114084,
            0.0803975253397756,
            -6.992490219301612
        ],
        [
            0.0,
            0.0,
            0.0,
            1.0
        ]
    ],
    [
        [
            -0.44828074873817886,
            -0.2053231357296034,
            0.8699924024064222,
            -3.92218683514977
        ],
        [
            0.7766645881633619,
            0.3923627947479552,
            0.4927915936687747,
            -6.797593072631059
        ],
        [
            -0.4425341656909342,
            0.8966012755019552,
            -0.016421478754778396,
            -6.9590504673261355
        ],
        [
            0.0,
            0.0,
            0.0,
            1.0
        ]
    ],
    [
        [
            -0.448474428400188,
            -0.20534573737541384,
            0.8698872428153375,
            -4.4845645391034825
        ],
        [
            0.7763038164559236,
            0.3928582967713314,
            0.49296525558491233,
            -6.149894438225466
        ],
        [
            -0.4429707345040875,
            0.8963790977034618,
            -0.016776220469307684,
            -7.473071670278775
        ],
        [
            0.0,
            0.0,
            0.0,
            1.0
        ]
    ],
    [
        [
            0.5953903504378049,
            0.6846816584793134,
            0.4203823939552683,
            -3.791668909715395
        ],
        [
            -0.6323839460981405,
            0.076620686815777,
            0.7708565463620483,
            -5.472956378685207
        ],
        [
            0.4955813508626904,
            -0.7248036264353923,
            0.47860090658419496,
            -7.22477646226872
        ],
        [
            0.0,
            0.0,
            0.0,
            1.0
        ]
    ],
    [
        [
            0.09691868837968232,
            -0.8225454850080394,
            -0.5603799540808441,
            -3.432474576741178
        ],
        [
            -0.85518741676865,
            0.21921618426579484,
            -0.46967940848679957,
            -6.24671882664552
        ],
        [
            0.50917703212471,
            0.5247505975688175,
            -0.6821844034480993,
            -6.702980424256097
        ],
        [
            0.0,
            0.0,
            0.0,
            1.0
        ]
    ],
    [
        [
            0.2083491522101018,
            0.8201390861995683,
            0.5328813283096588,
            -3.2791298893002847
        ],
        [
            -0.7610454091762907,
            -0.20627504484352713,
            0.6150288538324812,
            -7.058097275247643
        ],
        [
            0.6143293220618935,
            -0.533687628826577,
            0.5811858557229668,
            -6.138932181658297
        ],
        [
            0.0,
            0.0,
            0.0,
            1.0
        ]
    ],
    [
        [
            -0.09903121265411208,
            -0.8384958352536637,
            -0.5358335125601187,
            -3.2236933375304484
        ],
        [
            -0.6832236605418709,
            0.44878993320051275,
            -0.576014778919472,
            -7.790610654699371
        ],
        [
            0.72346267947699,
            0.30905069182924616,
            -0.6173244052229231,
            -5.460440518001269
        ],
        [
            0.0,
            0.0,
            0.0,
            1.0
        ]
    ],
    [
        [
            -0.09918839264780425,
            -0.8385498051072218,
            -0.535719970804322,
            -3.040606436382294
        ],
        [
            -0.6834636882995384,
            0.44870155469509737,
            -0.5757988377812135,
            -8.329846564067644
        ],
        [
            0.7232143869835137,
            0.30903258593364946,
            -0.6176243286102152,
            -4.638428461717581
        ],
        [
            0.0,
            0.0,
            0.0,
            1.0
        ]
    ],
    [
        [
            -0.2169491336143955,
            0.812945554341745,
            0.5404189107534583,
            -3.1988393440264353
        ],
        [
            -0.5855385067518524,
            -0.5513269780309815,
            0.5942922011990727,
            -8.966106628957458
        ],
        [
            0.7810747278812553,
            -0.18750490385911064,
            0.5956208361818832,
            -3.883355301841736
        ],
        [
            0.0,
            0.0,
            0.0,
            1.0
        ]
    ],
    [
        [
            -0.216936212631482,
            0.8129466540589383,
            0.5404224433750727,
            -3.4127497236098256
        ],
        [
            -0.5854493794436905,
            -0.5513437499020819,
            0.5943644450612023,
            -9.54043450105828
        ],
        [
            0.7811451233657608,
            -0.1874508124769882,
            0.5955455391014233,
            -3.0931718770379533
        ],
        [
            0.0,
            0.0,
            0.0,
            1.0
        ]
    ],
    [
        [
            -0.2169324530358889,
            0.812947616929072,
            0.5404225041106016,
            -4.3374888268056635
        ],
        [
            -0.5854466145625751,
            -0.5513423621651902,
            0.5943684557404864,
            -9.906914082814584
        ],
        [
            0.7811482396556075,
            -0.18745071835404264,
            0.5955414812349313,
            -2.9904571888172096
        ],
        [
            0.0,
            0.0,
            0.0,
            1.0
        ]
    ],
    [
        [
            -0.21970700940616608,
            -0.8117293376968452,
            -0.5411324351210508,
            -4.555635888544352
        ],
        [
            -0.580330547920287,
            0.554617354605092,
            -0.5963355138857582,
            -10.48961706467699
        ],
        [
            0.7841844713894435,
            0.18301659021270808,
            -0.5929246516536225,
            -2.2075976264540484
        ],
        [
            0.0,
            0.0,
            0.0,
            1.0
        ]
    ],
    [
        [
            0.5026965349401038,
            0.7448886014753247,
            0.4386766065695164,
            -4.401418066431458
        ],
        [
            -0.2551775803589463,
            -0.3569796752552148,
            0.8985821687173838,
            -10.944624926990997
        ],
        [
            0.8259422475218006,
            -0.5636545775976738,
            0.010626425166590181,
            -1.3305658661538908
        ],
        [
            0.0,
            0.0,
            0.0,
            1.0
        ]
    ],
    [
        [
            0.5008687965867615,
            0.7449409998855144,
            0.4406737515388199,
            -3.7964739073632816
        ],
        [
            -0.2571874511484869,
            -0.3580476848212495,
            0.8975836843246928,
            -11.191213137572007
        ],
        [
            0.8264291037817283,
            -0.5629074187499297,
            0.012254563999463043,
            -0.5734418216197409
        ],
        [
            0.0,
            0.0,
            0.0,
            1.0
        ]
    ],
    [
        [
            0.5009157006047789,
            0.74505537611149,
            0.44042700577392796,
            -3.8379595982751633
        ],
        [
            -0.2574617110424872,
            -0.357562683326395,
            0.8976983874551099,
            -11.615529957958223
        ],
        [
            0.8263152716939793,
            -0.5630643071797299,
            0.012714469926499838,
            0.3311211520791021
        ],
        [
            0.0,
            0.0,
            0.0,
            1.0
        ]
    ],
    [
        [
            0.7908880367267486,
            0.18933210907275472,
            0.5819359636906531,
            -2.890655131924584
        ],
        [
            0.4386768454884047,
            0.48762785225787314,
            -0.7548388589193837,
            -11.483812612348766
        ],
        [
            -0.4266834172953679,
            0.8522748560038786,
            0.30260342236780885,
            0.623122502928444
