[
    [
        [
            1.0,
            0.0,
            0.0,
            0.0
        ],
        [
            0.0,
            1.0,
            0.0,
            0.0
        ],
        [
            0.0,
            0.0,
            1.0,
            0.0
        ],
        [
            0.0,
            0.0,
            0.0,
            1.0
        ]
    ],
    [
        [
            0.9999998195578168,
            -0.0003017693279111205,
            0.0005194416296583904,
            -0.35270810219990173
        ],
        [
            0.0003018414677614465,
            0.9999999448121963,
            -0.00013880681729048355,
            0.0381384465429335
        ],
        [
            -0.000519399713351798,
            0.00013896358126826158,
            0.9999998554565197,
            0.9349558564648043
        ],
        [
            0.0,
            0.0,
            0.0,
            1.0
        ]
    ],
    [
        [
            0.9999999185473367,
            -0.00017313258263892321,
            0.00036459625468374866,
            -0.43109996187640065
        ],
        [
            0.0001731877865886733,
            0.9999999735442776,
            -0.00015138505280072714,
            0.00016305750487421587
        ],
        [
            -0.0003645700353532953,
            0.00015144818408891343,
            0.999999922076065,
            -0.06124321308097058
        ],
        [
            0.0,
            0.0,
            0.0,
            1.0
        ]
    ],
    [
        [
            -0.43741435709475984,
            -0.12998361013237425,
            -0.8898162401891376,
            -0.9613183107429377
        ],
        [
            -0.13017826458213558,
            -0.9699227051627346,
            0.20567830571109308,
            0.12268108538773645
        ],
        [
            -0.8897877834842197,
            0.20580137780577937,
            0.40733707571921446,
            0.7777191432669988
        ],
        [
            0.0,
            0.0,
            0.0,
            1.0
        ]
    ],
    [
        [
            -0.22090778936076835,
            0.19922550131644762,
            0.954729777594136,
            -1.2934211426182858
        ],
        [
            0.034504609301504285,
            0.9798977988447312,
            -0.19649360232893176,
            0.07423110836959462
        ],
        [
            -0.9746841439854698,
            -0.01046438934962024,
            -0.22334125462809268,
            -0.16427889748856206
        ],
        [
            0.0,
            0.0,
            0.0,
            1.0
        ]
    ],
    [
        [
            -0.3065671043638985,
            0.18180856396156922,
            0.934324492129028,
            -0.2944240221673109
        ],
        [
            -0.03004302366114832,
            -0.9829480703393891,
            0.18141253469748436,
            0.06609478022096216
        ],
        [
            0.951374809027036,
            0.0275451826333002,
            0.3068016226529254,
            -0.1202498900625707
        ],
        [
            0.0,
            0.0,
            0.0,
            1.0
        ]
    ],
    [
        [
            -0.3068897610792326,
            0.18189392296762283,
            0.9342019456906411,
            -0.787128562303059
        ],
        [
            -0.030469756231405604,
            -0.9829419727537302,
            0.1813743977362928,
            -0.5224233367386156
        ],
        [
            0.9512572041776765,
            0.027197040031081976,
            0.30719709066593964,
            0.5207560866178136
        ],
        [
            0.0,
            0.0,
            0.0,
            1.0
        ]
    ],
    [
        [
            0.3427213543485468,
            -0.1577591121039706,
            -0.9260961806538585,
            -0.7651256006288054
        ],
        [
            -0.8355828754416853,
            0.399350532183748,
            -0.3772537749488549,
            -1.0536889258607558
        ],
        [
            0.42935222317125726,
            0.9031230342498874,
            0.005045142730863885,
            1.367675648023893
        ],
        [
            0.0,
            0.0,
            0.0,
            1.0
        ]
    ],
    [
        [
            -0.15955275806324737,
            0.6850458159087904,
            -0.7108130186626226,
            -1.6299595732649053
        ],
        [
            0.918352427375847,
            -0.1611657087672652,
            -0.36146152416326865,
            -1.4438566775545176
        ],
        [
            -0.36217638869382224,
            -0.7104490442131677,
            -0.6033990545644705,
            1.0517146926627963
        ],
        [
            0.0,
            0.0,
            0.0,
            1.0
        ]
    ],
    [
        [
            0.7178321916615965,
            0.26202650603864824,
            0.6450263984888424,
            -2.1842122051453723
        ],
        [
            -0.5649900369413206,
            0.7606083641045149,
            0.31978301176156576,
            -1.7952686957741686
        ],
        [
            -0.4068208484964263,
            -0.5939840288992888,
            0.6940315343276671,
            1.8062434286989835
        ],
        [
            0.0,
            0.0,
            0.0,
            1.0
        ]
    ],
    [
        [
            -0.9232626946050922,
            -0.29417262026100144,
            0.24707987825664862,
            -1.726097542119514
        ],
        [
            0.3804527744918181,
            -0.7893813878768169,
            0.48180152641429713,
            -1.3837516716491278
        ],
        [
            0.05330743974362435,
            0.5388316007459533,
            0.8407251768000842,
            2.594142339966143
        ],
        [
            0.0,
            0.0,
            0.0,
            1.0
        ]
    ],
    [
        [
            -0.922683493728845,
            -0.29602256162019824,
            0.24703403290265105,
            -1.1357440002345713
        ],
        [
            0.3819926255863035,
            -0.7887990820772924,
            0.48153675053073675,
            -0.9670525779243575
        ],
        [
            0.05231447598908766,
            0.5386711901761924,
            0.8408903284472659,
            3.285405358558096
        ],
        [
            0.0,
            0.0,
            0.0,
            1.0
        ]
    ],
    [
        [
            -0.9233474065411172,
            -0.2946045706709183,
            0.2462472614540042,
            -0.5747436654590787
        ],
        [
            0.3803704307363317,
            -0.7893779808360325,
            0.4818721187127183,
            -0.5134699587846134
        ],
        [
            0.052420437381318116,
            0.5386005480047634,
            0.8409289788286043,
            3.977894659555675
        ],
        [
            0.0,
            0.0,
            0.0,
            1.0
        ]
    ],
    [
        [
            -0.9459407987085281,
            0.3216942640218695,
            -0.04133770475122601,
            -1.515080230674601
        ],
        [
            0.2894149525853082,
            0.7796676537828459,
            -0.5552993200651294,
            -0.1765235185499321
        ],
        [
            -0.14640693480404016,
            -0.5372440322052725,
            -0.8306225733154048,
            3.930626905940248
        ],
        [
            0.0,
            0.0,
            0.0,
            1.0
        ]
    ],
    [
        [
            -0.9461788591853252,
            0.32101087454246763,
            -0.041201757926539406,
            -1.3915230406329664
        ],
        [
            0.2888197811989306,
            0.7800526170330722,
            -0.5550685080672982,
            -0.9401161370536847
        ],
        [
            -0.14604348810870615,
            -0.5370939704421709,
            -0.8307835858367125,
            3.2968604396803194
        ],
        [
            0.0,
            0.0,
            0.0,
            1.0
        ]
    ],
    [
        [
            -0.9459644896134369,
            0.32156679494273466,
            -0.04178493485273597,
            -1.8538720614043647
        ],
        [
            0.2896075982309207,
            0.7798362796926345,
            -0.5549619950249463,
            -0.05784045320484166
        ],
        [
            -0.14587194191244104,
            -0.537075575003564,
            -0.8308256154556648,
            3.208412711157856
        ],
        [
            0.0,
            0.0,
            0.0,
            1.0
        ]
    ],
    [
        [
            -0.9461936502807675,
            0.32088466942495103,
            -0.04184023298688252,
            -1.4507752416024022
        ],
        [
            0.2891269539645864,
            0.7802268517686376,
            -0.5546635595298827,
            -0.772510340006388
        ],
        [
            -0.14533815968119115,
            -0.5369162771859691,
            -0.8310220999668079,
            2.636783542233974
        ],
        [
            0.0,
            0.0,
            0.0,
            1.0
        ]
    ],
    [
        [
            -0.9459852182042318,
            0.32154285547344424,
            -0.04149890399848904,
            -1.8331981600711187
        ],
        [
            0.2894558166433546,
            0.7799750953142067,
            -0.5548460875782782,
            -0.9351705301587239
        ],
        [
            -0.14603868374653162,
            -0.5368882963741886,
            -0.830917360551578,
            1.727226301611112
        ],
        [
            0.0,
            0.0,
            0.0,
            1.0
        ]
    ],
    [
        [
            -0.9459914177023,
            0.32152782768213634,
            -0.04147401185802249,
            -1.3303074803020056
        ],
        [
            0.28942973984248777,
            0.7799830522856219,
            -0.5548485053074517,
            -1.4660984191547668
        ],
        [
            -0.14605020824463455,
            -0.5368857366080911,
            -0.8309169889336037,
            1.045158459759905
        ],
        [
            0.0,
            0.0,
            0.0,
            1.0
        ]
    ],
    [
        [
            -0.9459901514712519,
            0.32083820372967614,
            -0.04653472194945979,
            -0.8355534419586849
        ],
        [
            0.2927579992066715,
            0.7837496308204187,
            -0.5477492766671287,
            -2.2827997501250903
        ],
        [
            -0.13926732287189078,
            -0.5317888332941695,
            -0.8353473825683079,
            1.3421725630181092
        ],
        [
            0.0,
            0.0,
            0.0,
            1.0
        ]
    ],
    [
        [
            0.7542225020610617,
            -0.5711671180278709,
            0.3239082287755107,
            -0.625530148510989
        ],
        [
            0.5866979712759823,
            0.3646980992884882,
            -0.7230358129968454,
            -3.2453783387168746
        ],
        [
            0.2948455661620168,
            0.7353661806604238,
            0.6101661023487791,
            1.170904711411249
        ],
        [
            0.0,
            0.0,
            0.0,
            1.0
        ]
    ],
    [
        [
            0.6445815029217106,
            -0.35498504469939474,
            -0.677126505263941,
            0.2306391110010404
        ],
        [
            0.11606020369776637,
            -0.829972392525368,
            0.5455967895464081,
            -2.8134664862723455
        ],
        [
            -0.7556750063412335,
            -0.43026903872517297,
            -0.49378521556005767,
            0.8873093116168219
        ],
        [
            0.0,
            0.0,
            0.0,
            1.0
        ]
    ],
    [
        [
            -0.1234257923597416,
            0.15470080127961422,
            -0.9802212688285309,
            -0.6437912574168977
        ],
        [
            -0.34695400478965127,
            0.918707192728341,
            0.18867965600358527,
            -2.4260547390971183
        ],
        [
            0.9297252241069907,
            0.3633796308444577,
            -0.05971810066095917,
            0.5952756338686807
        ],
        [
            0.0,
            0.0,
            0.0,
            1.0
        ]
    ],
    [
        [
            -0.12310223398742265,
            0.15448965660282105,
            -0.9802952544973615,
            -1.450980280359062
        ],
        [
            -0.34711253928644786,
            0.9187101550781793,
            0.18837339521901753,
            -1.9120924058956885
        ],
        [
            0.9297089464221705,
            0.3634619608142898,
            -0.059469975480159705,
            0.3049506413313276
        ],
        [
            0.0,
            0.0,
            0.0,
            1.0
        ]
    ],
    [
        [
            -0.12273424823910237,
            0.1542293277131765,
            -0.9803823839616468,
            -2.242112419203368
        ],
        [
            -0.3475015134197351,
            0.9186356238982601,
            0.1880193837774358,
            -1.3875300612109327
        ],
        [
            0.9296122861065137,
            0.363760779879022,
            -0.05915312791077558,
            -0.009603464390506411
        ],
        [
            0.0,
            0.0,
            0.0,
            1.0
        ]
    ],
    [
        [
            0.2631201784879394,
            -0.5388233493588147,
            0.8002731845177758,
            -2.017991681620184
        ],
        [
            -0.2639842673595126,
            0.7576350176553635,
            0.5969099484922465,
            -2.3620881872701465
        ],
        [
            -0.9279440059934307,
            -0.36831858249089794,
            0.05710817395750653,
            -0.0070827666457121685
        ],
        [
            0.0,
            0.0,
            0.0,
            1.0
        ]
    ],
    [
        [
            -0.9106009214979767,
            -0.4087333525906547,
            0.06118012951144336,
            -1.2995279718126176
        ],
        [
            0.2846015598954983,
            -0.7274988520279027,
            -0.6242975031210126,
            -2.3823891998959295
        ],
        [
            0.29967968545111967,
            -0.551073921337315,
            0.7787872747739493,
            0.6881853590266193
        ],
        [
            0.0,
            0.0,
            0.0,
            1.0
        ]
    ],
    [
        [
            -0.9103801403975411,
            -0.4092590545012708,
            0.06095101540152471,
            -1.791727080492043
        ],
        [
            0.2850824195362132,
            -0.7271575298292158,
            -0.624475732822381,
            -1.8097440262309785
        ],
        [
            0.29989333777383115,
            -0.5511342423778413,
            0.7786623355713796,
            0.03258064390216364
        ],
        [
            0.0,
            0.0,
            0.0,
            1.0
        ]
    ],
    [
        [
            0.6990305627197793,
            0.5516822941794204,
            0.4549757341579854,
            -1.504001106350247
        ],
        [
            0.33533253149900444,
            0.30906129299276397,
            -0.8899624770135585,
            -2.654320844303553
        ],
        [
            -0.6315919297316408,
            0.7746791358120936,
            0.031046269265272625,
            0.4841376859008017
        ],
        [
            0.0,
            0.0,
            0.0,
            1.0
        ]
    ],
    [
        [
            -0.9232461698251253,
            -0.37499417069003793,
            0.08364138838949992,
            -1.1991634509187639
        ],
        [
            0.2680141030170746,
            -0.7845692456726405,
            -0.5591239033779682,
            -3.4743985337200503
        ],
        [
            0.27529066545596026,
            -0.49379193056706905,
            0.824854277323979,
            0.9684377862026041
        ],
        [
            0.0,
            0.0,
            0.0,
            1.0
        ]
    ],
    [
        [
            -0.9236582326667562,
            -0.3738098548720323,
            0.0843899379515767,
            -1.059241227879996
        ],
        [
            0.2673041179183498,
            -0.7862565167046748,
            -0.5570899375175642,
            -2.497454277655532
        ],
        [
            0.27459784735284004,
            -0.4920029291985775,
            0.8261532181679181,
            1.129688187884068
        ],
        [
            0.0,
            0.0,
            0.0,
            1.0
        ]
    ],
    [
        [
            0.6721597734966192,
            0.4899495361753178,
            0.5551132234909925,
            -0.7108097369231967
        ],
        [
            0.2665335863657905,
            0.5393616225589942,
            -0.7987796238322045,
            -3.2362753373535815
        ],
        [
            -0.6907684751289416,
            0.6848638493248993,
            0.23194917903696144,
            1.7065234658068684
        ],
        [
            0.0,
            0.0,
            0.0,
            1.0
        ]
    ],
    [
        [
            0.672084954788024,
            0.4903072188735033,
            0.5548879568598568,
            -1.150480312796254
        ],
        [
            0.2667490963501845,
            0.5387398170047141,
            -0.7991272296512535,
            -2.9272099741885143
        ],
        [
            -0.6907580858331954,
            0.6850972490780093,
            0.23128991798564455,
            0.8632154639456855
        ],
        [
            0.0,
            0.0,
            0.0,
            1.0
        ]
    ],
    [
        [
            -0.9216976195653326,
            -0.37797749798509117,
            0.08721530315561582,
            -0.8014729518536086
        ],
        [
            0.26523950200437824,
            -0.7781525173105472,
            -0.5693212330308149,
            -3.671013786085788
        ],
        [
            0.2830574229093201,
            -0.5016090816763454,
            0.8174758861983328,
            1.4332591038671718
        ],
        [
            0.0,
            0.0,
            0.0,
            1.0
        ]
    ],
    [
        [
            -0.9219672018008297,
            -0.3773440887900534,
            0.08710865317950899,
            -0.559618755856996
        ],
        [
            0.2649116030395942,
            -0.7785848911019975,
            -0.5688825976620169,
            -4.510296660735895
        ],
        [
            0.2824859666931032,
            -0.5014150037672327,
            0.8177925608726031,
            1.9201993509179638
        ],
        [
            0.0,
            0.0,
            0.0,
            1.0
        ]
    ],
    [
        [
            0.8784288193869825,
            0.3575469575922037,
            0.3170535954486982,
            -0.3560375914778746
        ],
        [
            -0.14602239726446736,
            0.8325670687295973,
            -0.5343309232714734,
            -5.065782182877119
        ],
        [
            -0.45501677855605266,
            0.4230747560225783,
            0.7835607711268536,
            2.7264192614892266
        ],
        [
            0.0,
            0.0,
            0.0,
            1.0
        ]
    ],
    [
        [
            0.8782901550863496,
            0.35770737641802125,
            0.31725673568031226,
            -0.25445062417413006
        ],
        [
            -0.14587099293148026,
            0.8323732205550841,
            -0.534674176600985,
            -5.314640090577734
        ],
        [
            -0.45533290777142166,
            0.42332051043965924,
            0.783244335148063,
            3.689616972163885
        ],
        [
            0.0,
            0.0,
            0.0,
            1.0
        ]
    ],
    [
        [
            -0.8353148155122988,
            -0.3928325786460643,
            -0.38461893367323124,
            -0.29809674624068944
        ],
        [
            0.15154909943007677,
            -0.8370222140297837,
            0.5257629538894986,
            -5.320406451531677
        ],
        [
            -0.5284714083539271,
            0.3808889318094755,
            0.758710479812594,
            4.688647384668881
        ],
        [
            0.0,
            0.0,
            0.0,
            1.0
        ]
    ],
    [
        [
            0.9101273776776098,
            0.3385884961031293,
            0.23880114469636546,
            -0.38441654244668344
        ],
        [
            -0.25157685878202973,
            0.9095489600606993,
            -0.33080171308181966,
            -5.204986806098738
        ],
        [
            -0.3292069873605986,
            0.24099485380215374,
            0.912986440158801,
            5.678206477513312
        ],
        [
            0.0,
            0.0,
            0.0,
            1.0
        ]
    ],
    [
        [
            0.9100817237111241,
            0.3385488060937657,
            0.23903129933017403,
            -0.4024341529370295
        ],
        [
            -0.2513943665654423,
            0.9095166338448197,
            -0.33102925130378946,
            -5.178903586383524
        ],
        [
            -0.3294725005613472,
            0.24117254954093253,
            0.9128437285328647,
            6.677703866885345
        ],
        [
            0.0,
            0.0,
            0.0,
            1.0
        ]
    ],
    [
        [
            0.910288411862174,
            0.33820255353332185,
            0.23873424558068296,
            -0.9130542974032155
        ],
        [
            -0.25133404222575734,
            0.9097423926558175,
            -0.330454199887562,
            -4.652159247478322
        ],
        [
            -0.32894711801123916,
            0.24080658584932516,
            0.9131297726849643,
            5.998139690742538
        ],
        [
            0.0,
            0.0,
            0.0,
            1.0
        ]
    ],
    [
        [
            -0.7525659327775318,
            -0.26080783899022114,
            -0.6046683288745412,
            -1.1158067098690976
        ],
        [
            0.5422385896245865,
            -0.7664534248200586,
            -0.344276719374896,
            -5.02640126836039
        ],
        [
            -0.3736600443513042,
            -0.5869654322895461,
            0.7182268113573388,
            6.903034363643961
        ],
        [
            0.0,
            0.0,
            0.0,
            1.0
        ]
    ],
    [
        [
            -0.7519724303319377,
            -0.26120196122468553,
            -0.60523631704736,
            -1.4281935113602366
        ],
        [
            0.5427676138492851,
            -0.7663767350222639,
            -0.34361317985922246,
            -5.715663737017982
        ],
        [
            -0.37408659609377626,
            -0.5868903095715523,
            0.7180661412112276,
            7.5567405174731705
        ],
        [
            0.0,
            0.0,
            0.0,
            1.0
        ]
    ],
    [
        [
            0.33494150602014094,
            0.6697742468706734,
            0.6627342195584722,
            -1.721472450949554
        ],
        [
            0.81256434931988,
            -0.5614101887796095,
            0.15670921526445616,
            -4.762379819093091
        ],
        [
            0.47702553994447655,
            0.48602577931963786,
            -0.73227424922458,
            7.629109263621864
        ],
        [
            0.0,
            0.0,
            0.0,
            1.0
        ]
    ],
    [
        [
            0.33256903822383427,
            0.6695586949893552,
            0.664145306976584,
            -1.372832396029863
        ],
        [
            0.8116357959687421,
            -0.5618294573161394,
            0.15998436046700587,
            -3.9041621704233327
        ],
        [
            0.4802553170107124,
            0.4858382599754777,
            -0.7302848866209292,
            8.00582212458807
        ],
        [
            0.0,
            0.0,
            0.0,
            1.0
        ]
    ],
    [
        [
            -0.4119068572947945,
            -0.6629605141574623,
            -0.6251528593724851,
            -1.4178993543235725
        ],
        [
            0.43337285761474686,
            0.4609737849310637,
            -0.7743972726509019,
            -3.208697793406489
        ],
        [
            0.8015738937841953,
            -0.5899038279875787,
            0.09743082945992106,
            8.722968043889525
        ],
        [
            0.0,
            0.0,
            0.0,
            1.0
        ]
    ],
    [
        [
            -0.41165776728129666,
            -0.6629491002053856,
            -0.6253290119399885,
            -1.9028063295829725
        ],
        [
            0.4334472171396922,
            0.4611601898043229,
            -0.7742446572586051,
            -4.045784863736925
        ],
        [
            0.8016616447048197,
            -0.5897709469586534,
            0.09751326849542168,
            8.4696886289534
        ],
        [
            0.0,
            0.0,
            0.0,
            1.0
        ]
    ],
    [
        [
            0.1379169358784207,
            0.6925331388537265,
            -0.7080796356253355,
            -2.583667485284882
        ],
        [
            -0.7075697824630334,
            -0.4313609747584114,
            -0.5597077026454851,
            -4.726876192696602
        ],
        [
            -0.6930540539836162,
            0.5782089250823397,
            0.4305235385109668,
            8.739026127776341
        ],
        [
            0.0,
            0.0,
            0.0,
            1.0
        ]
    ],
    [
        [
            0.1379196965010202,
            0.6925315527005158,
            -0.708080649242213,
            -3.2659722115884753
        ],
        [
            -0.7075706439290023,
            -0.43135968926964574,
            -0.5597076043105806,
            -5.186506968322276
        ],
        [
            -0.693052625106467,
            0.5782117838538089,
            0.43052199925861445,
            9.30753277730783
        ],
        [
            0.0,
            0.0,
            0.0,
            1.0
        ]
    ],
    [
        [
            0.13833909481349463,
            0.6923564003232213,
            -0.708170113586876,
            -3.7941286471318656
        ],
        [
            -0.7074240461643349,
            -0.4313438247534969,
            -0.559905102455321,
            -5.504533657539341
        ],
        [
            -0.6931186866292568,
            0.5784333321814122,
            0.4301178518346406,
            10.094876288451305
        ],
        [
            0.0,
            0.0,
            0.0,
            1.0
        ]
    ],
    [
        [
            0.13822141351127284,
            0.6928223756201649,
            -0.7077372370357317,
            -4.515570910549201
        ],
        [
            -0.7065384783685398,
            -0.4317906304835007,
            -0.5606783659205401,
            -5.7601201189797635
        ],
        [
            -0.6940448252322149,
            0.5775413468027099,
            0.4298229557639983,
            10.738457379910365
        ],
        [
            0.0,
            0.0,
            0.0,
            1.0
        ]
    ],
    [
        [
            0.13369024781272468,
            0.6958718794001594,
            -0.7056126735680537,
            -4.971187469479229
        ],
        [
            -0.7105387185814489,
            -0.4290321463069809,
            -0.5577330426215165,
            -6.303881571886211
        ],
        [
            -0.6908412603749186,
            0.5759285935732934,
            0.4370864995264522,
            10.033661641017295
        ],
        [
            0.0,
            0.0,
            0.0,
            1.0
        ]
    ],
    [
        [
            0.13369837837053034,
            0.6958708226294451,
            -0.7056121752309156,
            -5.686491652142922
        ],
        [
            -0.7105427369694473,
            -0.42902427392282544,
            -0.5577339789944266,
            -6.460495630773741
        ],
        [
            -0.6908355539207998,
            0.5759357347812412,
            0.43708610918323487,
            10.714699057627131
        ],
        [
            0.0,
            0.0,
            0.0,
            1.0
        ]
    ],
    [
        [
            0.2721840945224269,
            -0.9401085455632083,
            -0.20521145496299653,
            -6.199893580690803
        ],
        [
            0.9603450978534129,
            0.27879292013365925,
            -0.0034352164796048745,
            -6.777007822972331
        ],
        [
            0.060440977142347294,
            -0.19613880351009,
            0.9787116317075799,
            11.512344650577385
        ],
        [
            0.0,
            0.0,
            0.0,
            1.0
        ]
    ],
    [
        [
            0.2725977232256764,
            -0.9400834952186841,
            -0.2047767157408149,
            -6.898017512808749
        ],
        [
            0.960237393801116,
            0.2791650461557316,
            -0.0033203239155645834,
            -6.708967165529617
        ],
        [
            0.06028788301320625,
            -0.19572914709435713,
            0.978803081390484,
            12.225081238903634
        ],
        [
            0.0,
            0.0,
            0.0,
            1.0
        ]
    ],
    [
        [
            0.2724507701904447,
            -0.9401940972413049,
            -0.20446426909178012,
            -7.287595158408829
        ],
        [
            0.9602301723717476,
            0.2791775293529046,
            -0.00423357665900186,
            -6.152492670036096
        ],
        [
            0.06106221327100282,
            -0.19517931913245753,
            0.9788648729489893,
            12.958951386759459
        ],
        [
            0.0,
            0.0,
            0.0,
            1.0
        ]
    ],
    [
        [
            0.2731341112133511,
            -0.940288408453432,
            -0.20311441657302198,
            -6.666268401095927
        ],
        [
            0.9600942642567556,
            0.27965407810077175,
            -0.0035496961675439732,
            -5.834883041800444
        ],
        [
            0.060139513075577834,
            -0.19403944323181557,
            0.9791485757725042,
            12.242657323752479
        ],
        [
            0.0,
            0.0,
            0.0,
            1.0
        ]
    ],
    [
        [
            0.15823886300085857,
            0.9843067788452632,
            -0.07810651288754542,
            -6.4074894727634915
        ],
        [
            0.42124450450942963,
            -0.13883960191005731,
            -0.8962570124479124,
            -5.0080354552144675
        ],
        [
            -0.8930361300959796,
            0.10892075128602931,
            -0.43660364208568825,
            11.74330120352558
        ],
        [
            0.0,
            0.0,
            0.0,
            1.0
        ]
    ],
    [
        [
            -0.10446088598771641,
            -0.9937919386779087,
            -0.038281926773080954,
            -6.471775245524979
        ],
        [
            0.4136882637849082,
            -0.008415396775778516,
            -0.910379701829808,
            -6.005874437513206
        ],
        [
            0.9044058512113312,
            -0.11093585405947039,
            0.41199914147824096,
            11.72971058818
        ],
        [
            0.0,
            0.0,
            0.0,
            1.0
        ]
    ],
    [
        [
            -0.10476465337406204,
            -0.9937682115046667,
            -0.03806716703700443,
            -6.631672242798175
        ],
        [
            0.41374003106688817,
            -0.00874526732559063,
            -0.9103530672174232,
            -6.970662967161193
        ],
        [
            0.9043470318943865,
            -0.11112273440756523,
            0.4120778856012584,
            11.938555131615272
        ],
        [
            0.0,
            0.0,
            0.0,
            1.0
        ]
    ],
    [
        [
            -0.10297124765229743,
            -0.9937991820338777,
            -0.04195364043464738,
            -5.695221735724132
        ],
        [
            0.4146802023180632,
            -0.004552406917697155,
            -0.9099558260688821,
            -7.320502823676336
        ],
        [
            0.9041223655912857,
            -0.11109663082220957,
            0.4125776128894736,
            11.91262209102559
        ],
        [
            0.0,
            0.0,
            0.0,
            1.0
        ]
    ],
    [
        [
            0.22575853009718155,
            0.9428574682578068,
            -0.24505689265726402,
            -5.853213887744867
        ],
        [
            0.35087839166548,
            -0.3133663324203615,
            -0.882431808111909,
            -8.3079229092553
        ],
        [
            -0.908800000192897,
            0.11323133954822288,
            -0.40157343462125406,
            11.918950953094294
        ],
        [
            0.0,
            0.0,
            0.0,
            1.0
        ]
    ],
    [
        [
            -0.06532235990439081,
            -0.9778345932776846,
            -0.19892837275255887,
            -6.089892269381007
        ],
        [
            0.30519795351944806,
            0.17022307170822332,
            -0.9369516076221619,
            -9.27759810613831
        ],
        [
            0.9500458928199552,
            -0.12191642238712846,
            0.28731374399471793,
            11.85801363927108
        ],
        [
            0.0,
            0.0,
            0.0,
            1.0
        ]
    ],
    [
        [
            -0.06532434954728444,
            -0.9778181399186292,
            -0.19900857921780868,
            -5.221527948086471
        ],
        [
            0.3051747502803467,
            0.17030232645800294,
            -0.9369447632567866,
            -9.153400061031157
        ],
        [
            0.9500532096401528,
            -0.12193770068792634,
            0.2872805179670044,
            12.33813680169322
        ],
        [
            0.0,
            0.0,
            0.0,
            1.0
        ]
    ],
    [
        [
            -0.06572113232385225,
            -0.9778518209420896,
            -0.19871222671568148,
            -4.892840223895718
        ],
        [
            0.30568514445810285,
            0.1698376983535509,
            -0.9368627160238546,
            -8.213122604216714
        ],
        [
            0.9498617400567843,
            -0.12231505425826242,
            0.2877528492962331,
            12.42669573220204
        ],
        [
            0.0,
            0.0,
            0.0,
            1.0
        ]
    ],
    [
        [
            0.17001502276141905,
            0.20642541164875866,
            0.9635784563080834,
            -4.347609843076543
        ],
        [
            -0.4487329812736844,
            0.8867710728127396,
            -0.11079610074262658,
            -8.960903463524904
        ],
        [
            -0.8773446321444419,
            -0.4135524318005912,
            0.24339429450822236,
            12.805572517297247
        ],
        [
            0.0,
            0.0,
            0.0,
            1.0
        ]
    ],
    [
        [
            0.2667246263873828,
            -0.23468187027330137,
            -0.9347632820364368,
            -4.1287989429026934
        ],
        [
            -0.567507708256976,
            -0.8221657079440841,
            0.04448089196176466,
            -9.471207924122197
        ],
        [
            -0.7789691744526385,
            0.5186212186613933,
            -0.3524756116481681,
            11.973880779055477
        ],
        [
            0.0,
            0.0,
            0.0,
            1.0
        ]
    ],
    [
        [
            -0.667409739498826,
            0.6529251823039611,
            0.358124204621026,
            -4.537449560067568
        ],
        [
            0.7380061230878988,
            0.6442048562875211,
            0.20086578957189133,
            -9.297340747473289
        ],
        [
            -0.09955501949611628,
            0.398357640128704,
            -0.9118113777773458,
            11.077903726907987
        ],
        [
            0.0,
            0.0,
            0.0,
            1.0
        ]
    ],
    [
        [
            -0.6681904881950141,
            0.6525492638629592,
            0.3573526685469313,
            -5.0136837041584394
        ],
        [
            0.7375433888490389,
            0.6440819484572021,
            0.2029487453438557,
            -8.512439186735762
        ],
        [
            -0.09773034866804571,
            0.39917151940422896,
            -0.9116528270376532,
            11.47430072482021
        ],
        [
            0.0,
            0.0,
            0.0,
            1.0
        ]
    ],
    [
        [
            -0.6682723577445029,
            0.6523957874453621,
            0.3574797790059505,
            -4.664515394227726
        ],
        [
            0.737447726619171,
            0.6441955114822385,
            0.20293593444816466,
            -8.414935351583766
        ],
        [
            -0.09789232032602666,
            0.399239125725022,
            -0.9116058436141744,
            10.542327284495443
        ],
        [
            0.0,
            0.0,
            0.0,
            1.0
        ]
    ],
    [
        [
            -0.6693988556400483,
            0.6515486448465587,
            0.3569167066227085,
            -4.92603508068435
        ],
        [
            0.7368848857545219,
            0.6433565897236974,
            0.20758844766902204,
            -7.499484909870658
        ],
        [
            -0.09437074342364744,
            0.4019659958972942,
            -0.9107785136508048,
            10.848199712744373
        ],
        [
            0.0,
            0.0,
            0.0,
            1.0
        ]
    ],
    [
        [
            0.07296295381219853,
            -0.8555020416428303,
            0.5126330696667379,
            -4.388987535137233
        ],
        [
            -0.3331634502895031,
            -0.505382997466793,
            -0.7959837569088126,
            -7.862571623883458
        ],
        [
            0.9400417664988062,
            -0.11271327613207072,
            -0.3218962482250821,
            10.086787884671544
        ],
        [
            0.0,
            0.0,
            0.0,
            1.0
        ]
    ],
    [
        [
            -0.2780946182249465,
            0.9585502371552777,
            -0.06200666225396345,
            -4.136095055036041
        ],
        [
            0.8824195867589362,
            0.2294387458784813,
            -0.4107231851185097,
            -8.53985338236246
        ],
        [
            -0.37947207567686125,
            -0.168935800644112,
            -0.9096491845993327,
