# Image: frame_00000.jpg
0.997832 0.038608 0.053293
-0.041406 0.997765 0.052450
-0.051149 -0.054543 0.997201

# Image: frame_00002.jpg
0.997744 0.041890 0.052455
-0.044715 0.997545 0.053898
-0.050068 -0.056122 0.997168

# Image: frame_00001.jpg
0.997783 0.040115 0.053112
-0.042961 0.997639 0.053574
-0.050837 -0.055737 0.997150

# Image: frame_00005.jpg
0.997910 0.041621 0.049432
-0.044385 0.997433 0.056188
-0.046966 -0.058265 0.997196

# Image: frame_00003.jpg
0.997774 0.042337 0.051519
-0.045119 0.997516 0.054098
-0.049101 -0.056302 0.997206

# Image: frame_00006.jpg
0.998048 0.040436 0.047600
-0.043160 0.997403 0.057666
-0.045144 -0.059608 0.997201

# Image: frame_00015.jpg
0.998452 0.032394 0.045217
-0.035284 0.997284 0.064648
-0.043000 -0.066143 0.996883

# Image: frame_00008.jpg
0.998222 0.037644 0.046217
-0.040388 0.997384 0.059950
-0.043840 -0.061710 0.997131

# Image: frame_00004.jpg
0.997813 0.042470 0.050650
-0.045237 0.997473 0.054779
-0.048196 -0.056950 0.997213

# Image: frame_00007.jpg
0.998154 0.039117 0.046449
-0.041845 0.997363 0.059299
-0.044007 -0.061133 0.997159

# Image: frame_00011.jpg
0.998339 0.036639 0.044472
-0.039379 0.997275 0.062384
-0.042065 -0.064032 0.997061

# Image: frame_00013.jpg
0.998383 0.034909 0.044864
-0.037696 0.997310 0.062864
-0.042549 -0.064454 0.997013

# Image: frame_00016.jpg
0.998494 0.031696 0.044787
-0.034623 0.997208 0.066169
-0.042565 -0.067620 0.996803

# Image: frame_00021.jpg
0.998343 0.029035 0.049675
-0.032698 0.996680 0.074570
-0.047345 -0.076071 0.995978

# Image: frame_00022.jpg
0.998331 0.028049 0.050480
-0.031819 0.996637 0.075512
-0.048193 -0.076993 0.995866

# Image: frame_00014.jpg
0.998415 0.033473 0.045235
-0.036312 0.997323 0.063474
-0.042989 -0.065016 0.996958

# Image: frame_00009.jpg
0.998271 0.036922 0.045727
-0.039667 0.997371 0.060652
-0.043367 -0.062361 0.997111

# Image: frame_00010.jpg
0.998309 0.036621 0.045141
-0.039368 0.997327 0.061562
-0.042766 -0.063235 0.997082

# Image: frame_00012.jpg
0.998361 0.035826 0.044619
-0.038583 0.997296 0.062546
-0.042258 -0.064165 0.997044

# Image: frame_00020.jpg
0.998366 0.029274 0.049073
-0.032824 0.996778 0.073186
-0.046772 -0.074677 0.996110

# Image: frame_00018.jpg
0.998463 0.030728 0.046124
-0.033831 0.997107 0.068069
-0.043899 -0.069525 0.996614

# Image: frame_00017.jpg
0.998493 0.031261 0.045104
-0.034246 0.997166 0.066992
-0.042882 -0.068436 0.996733

# Image: frame_00023.jpg
0.998250 0.026915 0.052655
-0.030912 0.996579 0.076641
-0.050412 -0.078134 0.995667

# Image: frame_00019.jpg
0.998412 0.029655 0.047891
-0.033004 0.996951 0.070705
-0.045648 -0.072173 0.996347

# Image: frame_00027.jpg
0.998226 0.023507 0.054709
-0.027771 0.996524 0.078536
-0.052672 -0.079916 0.995409

# Image: frame_00028.jpg
0.998228 0.022376 0.055133
-0.026674 0.996558 0.078492
-0.053187 -0.079824 0.995389

# Image: frame_00024.jpg
0.998207 0.026850 0.053499
-0.030962 0.996506 0.077571
-0.051229 -0.079088 0.995550

# Image: frame_00025.jpg
0.998216 0.025859 0.053815
-0.030031 0.996484 0.078222
-0.051603 -0.079698 0.995482

# Image: frame_00029.jpg
0.998246 0.021024 0.055337
-0.025362 0.996560 0.078902
-0.053488 -0.080168 0.995345

# Image: frame_00026.jpg
0.998223 0.024644 0.054253
-0.028865 0.996501 0.078439
-0.052130 -0.079866 0.995442

# Image: frame_00030.jpg
0.998243 0.020470 0.055602
-0.024818 0.996592 0.078671
-0.053802 -0.079913 0.995349

# Image: frame_00032.jpg
0.998306 0.019408 0.054845
-0.023674 0.996653 0.078244
-0.053143 -0.079410 0.995424

# Image: frame_00031.jpg
0.998268 0.019830 0.055389
-0.024178 0.996585 0.078957
-0.053634 -0.080159 0.995338

# Image: frame_00035.jpg
0.998638 0.016781 0.049395
-0.020559 0.996818 0.077017
-0.047946 -0.077927 0.995805

# Image: frame_00034.jpg
0.998516 0.017418 0.051596
-0.021394 0.996759 0.077548
-0.050078 -0.078537 0.995653

# Image: frame_00036.jpg
0.998754 0.015812 0.047339
-0.019419 0.996861 0.076750
-0.045977 -0.077574 0.995926

# Image: frame_00033.jpg
0.998401 0.018374 0.053466
-0.022521 0.996698 0.078015
-0.051856 -0.079094 0.995518

# Image: frame_00038.jpg
0.998971 0.015113 0.042761
-0.018359 0.996896 0.076561
-0.041471 -0.077267 0.996148

# Image: frame_00037.jpg
0.998868 0.015545 0.044965
-0.018980 0.996849 0.077014
-0.043626 -0.077780 0.996016

# Image: frame_00042.jpg
0.999441 0.014920 0.029922
-0.017148 0.996989 0.075629
-0.028703 -0.076100 0.996687

# Image: frame_00039.jpg
0.999109 0.014546 0.039608
-0.017544 0.996920 0.076432
-0.038374 -0.077058 0.996288

# Image: frame_00041.jpg
0.999339 0.014363 0.033390
-0.016878 0.996941 0.076307
-0.032191 -0.076820 0.996525

# Image: frame_00040.jpg
0.999222 0.014404 0.036726
-0.017180 0.996927 0.076423
-0.035512 -0.076995 0.996399

# Image: frame_00046.jpg
0.999760 0.016692 0.014216
-0.017645 0.997410 0.069729
-0.013016 -0.069963 0.997465

# Image: frame_00043.jpg
0.999535 0.015557 0.026240
-0.017467 0.997089 0.074216
-0.025009 -0.074639 0.996897

# Image: frame_00044.jpg
0.999626 0.016087 0.022124
-0.017658 0.997193 0.072767
-0.020891 -0.073131 0.997104

# Image: frame_00045.jpg
0.999700 0.016733 0.017883
-0.017971 0.997280 0.071484
-0.016639 -0.071784 0.997281

# Image: frame_00047.jpg
0.999800 0.016415 0.011390
-0.017160 0.997489 0.068705
-0.010234 -0.068886 0.997572

# Image: frame_00048.jpg
0.999832 0.015657 0.009514
-0.016268 0.997552 0.068011
-0.008426 -0.068154 0.997639

# Image: frame_00049.jpg
0.999856 0.014930 0.008022
-0.015443 0.997553 0.068185
-0.006984 -0.068299 0.997640

# Image: frame_00052.jpg
0.999884 0.014974 0.002607
-0.015112 0.997766 0.065070
-0.001626 -0.065102 0.997877

# Image: frame_00051.jpg
0.999887 0.014261 0.004739
-0.014546 0.997653 0.066912
-0.003774 -0.066973 0.997748

# Image: frame_00054.jpg
0.999871 0.016028 -0.000972
-0.015942 0.998104 0.059451
0.001923 -0.059428 0.998231

# Image: frame_00055.jpg
0.999869 0.016063 -0.002162
-0.015916 0.998278 0.056459
0.003065 -0.056417 0.998403

# Image: frame_00053.jpg
0.999879 0.015534 0.000521
-0.015536 0.997932 0.062381
0.000450 -0.062381 0.998052

# Image: frame_00056.jpg
0.999858 0.016473 -0.003495
-0.016271 0.998534 0.051624
0.004340 -0.051560 0.998660

# Image: frame_00050.jpg
0.999879 0.014201 0.006376
-0.014602 0.997579 0.067988
-0.005395 -0.068073 0.997666

# Image: frame_00057.jpg
0.999855 0.016080 -0.005585
-0.015806 0.998813 0.046074
0.006320 -0.045980 0.998922

# Image: frame_00058.jpg
0.999849 0.015819 -0.007165
-0.015512 0.999040 0.040978
0.007806 -0.040860 0.999134

# Image: frame_00059.jpg
0.999847 0.015552 -0.008042
-0.015240 0.999179 0.037530
0.008619 -0.037402 0.999263

# Image: frame_00060.jpg
0.999843 0.015371 -0.008829
-0.015052 0.999270 0.035106
0.009363 -0.034967 0.999345

# Image: frame_00061.jpg
0.999843 0.015102 -0.009257
-0.014790 0.999351 0.032845
0.009747 -0.032703 0.999418

# Image: frame_00063.jpg
0.999864 0.014190 -0.008441
-0.013936 0.999470 0.029422
0.008854 -0.029300 0.999531

# Image: frame_00064.jpg
0.999877 0.013737 -0.007553
-0.013519 0.999510 0.028238
0.007937 -0.028132 0.999573

# Image: frame_00062.jpg
0.999848 0.014680 -0.009376
-0.014387 0.999431 0.030521
0.009819 -0.030381 0.999490

# Image: frame_00065.jpg
0.999890 0.013310 -0.006534
-0.013128 0.999548 0.027048
0.006891 -0.026959 0.999613

# Image: frame_00069.jpg
0.999934 0.011073 -0.002992
-0.011004 0.999699 0.021921
0.003234 -0.021887 0.999755

# Image: frame_00070.jpg
0.999941 0.010429 -0.002983
-0.010366 0.999737 0.020458
0.003196 -0.020426 0.999786

# Image: frame_00067.jpg
0.999918 0.011948 -0.004602
-0.011833 0.999638 0.024181
0.004889 -0.024125 0.999697

# Image: frame_00066.jpg
0.999904 0.012772 -0.005415
-0.012629 0.999592 0.025603
0.005740 -0.025532 0.999658

# Image: frame_00068.jpg
0.999925 0.011716 -0.003517
-0.011631 0.999660 0.023331
0.003789 -0.023288 0.999722

# Image: frame_00072.jpg
0.999946 0.010042 -0.002840
-0.009986 0.999772 0.018867
0.003029 -0.018838 0.999818

# Image: frame_00073.jpg
0.999952 0.009451 -0.002665
-0.009404 0.999804 0.017397
0.002829 -0.017371 0.999845

# Image: frame_00075.jpg
0.999964 0.008163 -0.002500
-0.008124 0.999851 0.015245
0.002624 -0.015224 0.999881

# Image: frame_00074.jpg
0.999959 0.008745 -0.002389
-0.008705 0.999829 0.016301
0.002531 -0.016280 0.999864

# Image: frame_00078.jpg
0.999967 0.007359 -0.003516
-0.007311 0.999886 0.013211
0.003613 -0.013185 0.999907

# Image: frame_00076.jpg
0.999961 0.008268 -0.003038
-0.008223 0.999857 0.014768
0.003160 -0.014742 0.999886

# Image: frame_00077.jpg
0.999965 0.007759 -0.003278
-0.007713 0.999876 0.013749
0.003384 -0.013723 0.999900

# Image: frame_00071.jpg
0.999946 0.009934 -0.003017
-0.009874 0.999761 0.019529
0.003210 -0.019498 0.999805

# Image: frame_00079.jpg
0.999960 0.007840 -0.004338
-0.007786 0.999895 0.012259
0.004434 -0.012225 0.999915

# Image: frame_00081.jpg
0.999955 0.007572 -0.005760
-0.007504 0.999904 0.011672
0.005848 -0.011629 0.999915

# Image: frame_00080.jpg
0.999961 0.007336 -0.004907
-0.007278 0.999905 0.011701
0.004993 -0.011665 0.999919

# Image: frame_00082.jpg
0.999951 0.007611 -0.006392
-0.007540 0.999910 0.011090
0.006476 -0.011042 0.999918

# Image: frame_00083.jpg
0.999944 0.007518 -0.007485
-0.007435 0.999911 0.011060
0.007567 -0.011004 0.999911

# Image: frame_00084.jpg
0.999940 0.007248 -0.008251
-0.007161 0.999918 0.010575
0.008327 -0.010515 0.999910

# Image: frame_00085.jpg
0.999935 0.006848 -0.009150
-0.006746 0.999916 0.011077
0.009225 -0.011015 0.999897

# Image: frame_00086.jpg
0.999926 0.006509 -0.010251
-0.006394 0.999917 0.011149
0.010323 -0.011083 0.999885

# Image: frame_00087.jpg
0.999922 0.006146 -0.010903
-0.006026 0.999921 0.011000
0.010970 -0.010933 0.999880

# Image: frame_00089.jpg
0.999910 0.005730 -0.012168
-0.005593 0.999921 0.011237
0.012231 -0.011168 0.999863

# Image: frame_00088.jpg
0.999919 0.005597 -0.011424
-0.005468 0.999921 0.011274
0.011486 -0.011210 0.999871

# Image: frame_00095.jpg
0.999864 0.003314 -0.016175
-0.003087 0.999897 0.013981
0.016220 -0.013929 0.999771

# Image: frame_00091.jpg
0.999890 0.005269 -0.013829
-0.005105 0.999917 0.011858
0.013890 -0.011786 0.999834

# Image: frame_00090.jpg
0.999903 0.005170 -0.012931
-0.005024 0.999923 0.011312
0.012989 -0.011246 0.999852

# Image: frame_00097.jpg
0.999864 0.000989 -0.016439
-0.000702 0.999847 0.017473
0.016453 -0.017459 0.999712

# Image: frame_00098.jpg
0.999869 -0.000100 -0.016206
0.000406 0.999822 0.018885
0.016201 -0.018889 0.999690

# Image: frame_00099.jpg
0.999872 -0.000869 -0.015946
0.001183 0.999805 0.019691
0.015926 -0.019707 0.999679

# Image: frame_00100.jpg
0.999878 -0.001506 -0.015573
0.001809 0.999809 0.019480
0.015541 -0.019506 0.999689

# Image: frame_00101.jpg
0.999887 -0.001813 -0.014909
0.002096 0.999818 0.018969
0.014872 -0.018998 0.999709

# Image: frame_00103.jpg
0.999895 -0.002510 -0.014264
0.002786 0.999809 0.019367
0.014212 -0.019404 0.999711

# Image: frame_00092.jpg
0.999887 0.004655 -0.014275
-0.004483 0.999917 0.012042
0.014330 -0.011976 0.999826

# Image: frame_00094.jpg
0.999876 0.003167 -0.015433
-0.002965 0.999910 0.013068
0.015473 -0.013021 0.999795

# Image: frame_00093.jpg
0.999879 0.004019 -0.015033
-0.003832 0.999915 0.012473
0.015082 -0.012414 0.999809

# Image: frame_00104.jpg
0.999905 -0.003369 -0.013343
0.003622 0.999813 0.018980
0.013276 -0.019027 0.999731

# Image: frame_00105.jpg
0.999912 -0.003787 -0.012750
0.004027 0.999814 0.018871
0.012676 -0.018920 0.999741

# Image: frame_00096.jpg
0.999864 0.002221 -0.016363
-0.001967 0.999878 0.015506
0.016396 -0.015472 0.999746

# Image: frame_00107.jpg
0.999937 -0.005473 -0.009842
0.005671 0.999780 0.020188
0.009730 -0.020243 0.999748

# Image: frame_00108.jpg
0.999957 -0.006037 -0.007081
0.006182 0.999768 0.020641
0.006955 -0.020683 0.999762

# Image: frame_00110.jpg
0.999966 -0.007296 -0.003894
0.007382 0.999719 0.022534
0.003728 -0.022562 0.999738

# Image: frame_00109.jpg
0.999964 -0.006312 -0.005752
0.006433 0.999754 0.021228
0.005616 -0.021264 0.999758

# Image: frame_00111.jpg
0.999967 -0.007666 -0.002705
0.007727 0.999699 0.023298
0.002525 -0.023318 0.999725

# Image: frame_00102.jpg
0.999889 -0.002204 -0.014702
0.002480 0.999819 0.018844
0.014658 -0.018879 0.999714

# Image: frame_00112.jpg
0.999967 -0.007787 -0.002485
0.007842 0.999706 0.022965
0.002306 -0.022983 0.999733

# Image: frame_00106.jpg
0.999913 -0.004441 -0.012428
0.004677 0.999808 0.019018
0.012341 -0.019075 0.999742

# Image: frame_00114.jpg
0.999960 -0.008779 -0.001658
0.008816 0.999688 0.023371
0.001452 -0.023385 0.999725

# Image: frame_00113.jpg
0.999962 -0.008471 -0.001938
0.008515 0.999678 0.023900
0.001735 -0.023916 0.999712

# Image: frame_00117.jpg
0.999939 -0.010877 -0.001837
0.010917 0.999669 0.023309
0.001583 -0.023327 0.999727

# Image: frame_00118.jpg
0.999932 -0.011450 -0.001974
0.011493 0.999670 0.022953
0.001710 -0.022974 0.999735

# Image: frame_00119.jpg
0.999929 -0.011618 -0.002493
0.011671 0.999683 0.022294
0.002234 -0.022322 0.999748

# Image: frame_00120.jpg
0.999927 -0.011720 -0.002797
0.011777 0.999700 0.021468
0.002544 -0.021499 0.999766

# Image: frame_00121.jpg
0.999924 -0.011933 -0.003102
0.011996 0.999709 0.020916
0.002852 -0.020952 0.999776

# Image: frame_00122.jpg
0.999922 -0.012050 -0.003382
0.012116 0.999720 0.020344
0.003136 -0.020383 0.999787

# Image: frame_00116.jpg
0.999948 -0.010005 -0.001804
0.010045 0.999669 0.023670
0.001567 -0.023686 0.999718

# Image: frame_00115.jpg
0.999956 -0.009196 -0.001737
0.009234 0.999691 0.023059
0.001524 -0.023074 0.999733

# Image: frame_00126.jpg
0.999917 -0.011503 -0.005792
0.011601 0.999785 0.017171
0.005594 -0.017236 0.999836

# Image: frame_00127.jpg
0.999917 -0.011371 -0.006102
0.011471 0.999794 0.016725
0.005911 -0.016794 0.999841

# Image: frame_00128.jpg
0.999923 -0.010717 -0.006214
0.010816 0.999813 0.016022
0.006041 -0.016088 0.999852

# Image: frame_00123.jpg
0.999920 -0.012034 -0.003891
0.012108 0.999734 0.019654
0.003654 -0.019700 0.999799

# Image: frame_00129.jpg
0.999926 -0.010518 -0.006178
0.010610 0.999829 0.015145
0.006018 -0.015209 0.999866

# Image: frame_00131.jpg
0.999925 -0.010296 -0.006608
0.010388 0.999848 0.014019
0.006463 -0.014087 0.999880

# Image: frame_00130.jpg
0.999926 -0.010427 -0.006265
0.010518 0.999836 0.014754
0.006110 -0.014819 0.999872

# Image: frame_00132.jpg
0.999926 -0.010201 -0.006583
0.010289 0.999856 0.013529
0.006444 -0.013596 0.999887

# Image: frame_00124.jpg
0.999921 -0.011770 -0.004409
0.011851 0.999751 0.018926
0.004186 -0.018976 0.999811

# Image: frame_00133.jpg
0.999929 -0.009855 -0.006742
0.009942 0.999865 0.013063
0.006612 -0.013129 0.999892

# Image: frame_00135.jpg
0.999933 -0.009092 -0.007223
0.009180 0.999883 0.012200
0.007111 -0.012265 0.999899

# Image: frame_00125.jpg
0.999920 -0.011495 -0.005236
0.011588 0.999769 0.018078
0.005027 -0.018137 0.999823

# Image: frame_00136.jpg
0.999932 -0.009218 -0.007135
0.009305 0.999881 0.012315
0.007021 -0.012381 0.999899

# Image: frame_00134.jpg
0.999928 -0.009721 -0.006986
0.009808 0.999874 0.012490
0.006864 -0.012558 0.999898

# Image: frame_00137.jpg
0.999928 -0.009313 -0.007525
0.009407 0.999877 0.012568
0.007407 -0.012638 0.999893

# Image: frame_00139.jpg
0.999915 -0.009528 -0.008932
0.009645 0.999867 0.013114
0.008806 -0.013199 0.999874

# Image: frame_00140.jpg
0.999909 -0.009411 -0.009691
0.009545 0.999858 0.013912
0.009559 -0.014003 0.999856

# Image: frame_00141.jpg
0.999901 -0.009247 -0.010650
0.009401 0.999850 0.014525
0.010514 -0.014624 0.999838

# Image: frame_00142.jpg
0.999889 -0.008978 -0.011890
0.009165 0.999834 0.015761
0.011747 -0.015868 0.999805

# Image: frame_00143.jpg
0.999858 -0.008882 -0.014289
0.009130 0.999807 0.017400
0.014132 -0.017528 0.999746

# Image: frame_00144.jpg
0.999830 -0.008597 -0.016290
0.008907 0.999779 0.019061
0.016123 -0.019203 0.999686

# Image: frame_00138.jpg
0.999924 -0.009266 -0.008121
0.009367 0.999878 0.012524
0.008003 -0.012599 0.999889

# Image: frame_00149.jpg
0.999697 -0.007621 -0.023396
0.008215 0.999644 0.025387
0.023195 -0.025571 0.999404

# Image: frame_00147.jpg
0.999747 -0.008221 -0.020948
0.008733 0.999662 0.024481
0.020740 -0.024658 0.999481

# Image: frame_00145.jpg
0.999802 -0.008553 -0.017950
0.008922 0.999749 0.020570
0.017769 -0.020726 0.999627

# Image: frame_00152.jpg
0.999661 -0.007743 -0.024876
0.008557 0.999426 0.032793
0.024608 -0.032995 0.999153

# Image: frame_00148.jpg
0.999728 -0.007968 -0.021932
0.008550 0.999610 0.026587
0.021712 -0.026767 0.999406

# Image: frame_00153.jpg
0.999662 -0.007441 -0.024924
0.008311 0.999354 0.034974
0.024647 -0.035169 0.999077

# Image: frame_00154.jpg
0.999667 -0.007498 -0.024689
0.008392 0.999306 0.036301
0.024400 -0.036496 0.999036

# Image: frame_00150.jpg
0.999683 -0.007627 -0.024013
0.008289 0.999585 0.027587
0.023792 -0.027778 0.999331

# Image: frame_00146.jpg
0.999767 -0.007750 -0.020136
0.008161 0.999758 0.020427
0.019973 -0.020586 0.999589

# Image: frame_00157.jpg
0.999631 -0.007320 -0.026173
0.008350 0.999186 0.039476
0.025863 -0.039680 0.998878

# Image: frame_00156.jpg
0.999633 -0.007397 -0.026066
0.008381 0.999250 0.037816
0.025766 -0.038020 0.998945

# Image: frame_00151.jpg
0.999672 -0.007699 -0.024434
0.008415 0.999534 0.029344
0.024197 -0.029540 0.999271

# Image: frame_00158.jpg
0.999625 -0.007144 -0.026447
0.008222 0.999130 0.040892
0.026132 -0.041094 0.998814

# Image: frame_00155.jpg
0.999648 -0.007716 -0.025379
0.008656 0.999274 0.037108
0.025074 -0.037315 0.998989

# Image: frame_00160.jpg
0.999624 -0.007340 -0.026421
0.008490 0.999009 0.043702
0.026074 -0.043910 0.998695

# Image: frame_00161.jpg
0.999638 -0.006918 -0.026017
0.008080 0.998962 0.044837
0.025679 -0.045031 0.998655

# Image: frame_00159.jpg
0.999604 -0.007363 -0.027167
0.008496 0.999087 0.041857
0.026834 -0.042071 0.998754

# Image: frame_00163.jpg
0.999648 -0.006743 -0.025647
0.007951 0.998850 0.047277
0.025298 -0.047464 0.998553

# Image: frame_00165.jpg
0.999656 -0.006790 -0.025341
0.008038 0.998742 0.049496
0.024973 -0.049682 0.998453

# Image: frame_00164.jpg
0.999655 -0.006855 -0.025348
0.008075 0.998797 0.048361
0.024986 -0.048549 0.998508

# Image: frame_00167.jpg
0.999665 -0.006159 -0.025129
0.007442 0.998656 0.051298
0.024780 -0.051468 0.998367

# Image: frame_00166.jpg
0.999661 -0.006543 -0.025190
0.007805 0.998701 0.050358
0.024827 -0.050538 0.998414

# Image: frame_00162.jpg
0.999646 -0.006864 -0.025722
0.008050 0.998896 0.046279
0.025376 -0.046470 0.998597

# Image: frame_00169.jpg
0.999673 -0.005679 -0.024938
0.006982 0.998598 0.052472
0.024605 -0.052629 0.998311

# Image: frame_00168.jpg
0.999670 -0.006021 -0.024957
0.007313 0.998620 0.052006
0.024610 -0.052172 0.998335

# Image: frame_00170.jpg
0.999690 -0.005690 -0.024259
0.006988 0.998530 0.053754
0.023918 -0.053907 0.998259

# Image: frame_00172.jpg
0.999693 -0.004934 -0.024286
0.006259 0.998479 0.054781
0.023978 -0.054916 0.998203

# Image: frame_00173.jpg
0.999693 -0.004076 -0.024423
0.005401 0.998503 0.054426
0.024165 -0.054541 0.998219

# Image: frame_00178.jpg
0.999564 -0.001017 -0.029502
0.002462 0.998796 0.048988
0.029417 -0.049039 0.998364

# Image: frame_00175.jpg
0.999698 -0.003490 -0.024309
0.004815 0.998494 0.054655
0.024081 -0.054755 0.998209

# Image: frame_00179.jpg
0.999529 -0.000254 -0.030693
0.001700 0.998889 0.047095
0.030647 -0.047125 0.998419

# Image: frame_00180.jpg
0.999547 0.000117 -0.030109
0.001292 0.998905 0.046770
0.030082 -0.046787 0.998452

# Image: frame_00177.jpg
0.999651 -0.001837 -0.026343
0.003188 0.998676 0.051340
0.026214 -0.051406 0.998334

# Image: frame_00171.jpg
0.999686 -0.005396 -0.024476
0.006707 0.998530 0.053790
0.024149 -0.053937 0.998252

# Image: frame_00176.jpg
0.999692 -0.002790 -0.024660
0.004115 0.998541 0.053847
0.024474 -0.053932 0.998245

# Image: frame_00174.jpg
0.999698 -0.004114 -0.024215
0.005433 0.998490 0.054662
0.023953 -0.054778 0.998211

# Image: frame_00181.jpg
0.999464 0.002681 -0.032631
-0.001328 0.999141 0.041408
0.032714 -0.041343 0.998609

# Image: frame_00184.jpg
0.999482 0.004514 -0.031851
-0.003269 0.999232 0.039037
0.032003 -0.038913 0.998730

# Image: frame_00182.jpg
0.999525 0.001779 -0.030775
-0.000357 0.998934 0.046152
0.030824 -0.046119 0.998460

# Image: frame_00183.jpg
0.999475 0.004142 -0.032124
-0.002865 0.999207 0.039713
0.032263 -0.039600 0.998695

# Image: frame_00186.jpg
0.999494 0.005150 -0.031403
-0.003953 0.999267 0.038075
0.031576 -0.037931 0.998781

# Image: frame_00187.jpg
0.999492 0.005641 -0.031357
-0.004480 0.999306 0.036981
0.031543 -0.036822 0.998824

# Image: frame_00188.jpg
0.999502 0.006031 -0.030972
-0.004905 0.999329 0.036293
0.031170 -0.036123 0.998861

# Image: frame_00189.jpg
0.999498 0.006360 -0.031044
-0.005265 0.999364 0.035256
0.031249 -0.035074 0.998896

# Image: frame_00190.jpg
0.999499 0.006693 -0.030923
-0.005625 0.999388 0.034516
0.031135 -0.034325 0.998926

# Image: frame_00191.jpg
0.999503 0.007242 -0.030686
-0.006226 0.999434 0.033066
0.030908 -0.032859 0.998982

# Image: frame_00185.jpg
0.999487 0.004825 -0.031673
-0.003590 0.999236 0.038927
0.031836 -0.038793 0.998740

# Image: frame_00192.jpg
0.999517 0.006880 -0.030298
-0.005927 0.999488 0.031440
0.030499 -0.031246 0.999046

# Image: frame_00194.jpg
0.999563 0.007020 -0.028705
-0.006161 0.999533 0.029914
0.028902 -0.029724 0.999140

# Image: frame_00195.jpg
0.999606 0.006995 -0.027184
-0.006208 0.999562 0.028932
0.027375 -0.028752 0.999212

# Image: frame_00197.jpg
0.999669 0.006972 -0.024745
-0.006324 0.999638 0.026152
0.024919 -0.025987 0.999352

# Image: frame_00193.jpg
0.999535 0.007034 -0.029683
-0.006125 0.999513 0.030589
0.029883 -0.030393 0.999091

# Image: frame_00196.jpg
0.999638 0.006813 -0.026012
-0.006091 0.999597 0.027725
0.026190 -0.027557 0.999277

# Image: frame_00198.jpg
0.999687 0.006581 -0.024150
-0.006017 0.999710 0.023338
0.024297 -0.023185 0.999436

# Image: frame_00200.jpg
0.999712 0.006621 -0.023070
-0.006238 0.999842 0.016625
0.023177 -0.016477 0.999596

# Image: frame_00199.jpg
0.999713 0.006506 -0.023040
-0.006042 0.999779 0.020156
0.023167 -0.020011 0.999531

# Image: frame_00201.jpg
0.999681 0.006949 -0.024284
-0.006643 0.999898 0.012652
0.024370 -0.012487 0.999625

# Image: frame_00202.jpg
0.999667 0.006879 -0.024871
-0.006658 0.999938 0.008953
0.024931 -0.008784 0.999651

# Image: frame_00206.jpg
0.999683 0.006936 -0.024202
-0.007037 0.999967 -0.004072
0.024173 0.004241 0.999699

# Image: frame_00205.jpg
0.999677 0.006713 -0.024493
-0.006720 0.999977 -0.000203
0.024491 0.000367 0.999700

# Image: frame_00207.jpg
0.999685 0.006568 -0.024209
-0.006730 0.999955 -0.006613
0.024164 0.006774 0.999685

# Image: frame_00203.jpg
0.999674 0.006549 -0.024676
-0.006413 0.999964 0.005622
0.024712 -0.005462 0.999680

# Image: frame_00204.jpg
0.999671 0.006821 -0.024739
-0.006755 0.999973 0.002775
0.024757 -0.002607 0.999690

# Image: frame_00208.jpg
0.999687 0.006758 -0.024104
-0.006988 0.999931 -0.009455
0.024039 0.009620 0.999665

# Image: frame_00210.jpg
0.999652 0.005892 -0.025705
-0.006295 0.999858 -0.015601
0.025610 0.015758 0.999548

# Image: frame_00209.jpg
0.999686 0.006328 -0.024262
-0.006639 0.999897 -0.012750
0.024178 0.012907 0.999624

